image: silverstone_full_map.pgm
resolution: 0.077120
origin: [-43.824821, -52.303884, 0.000000]
negate: 0
occupied_thresh: 0.65
free_thresh: 0.196

